#!/bin/bash
# By: Anonymous Zpt
# Ofuscador De Anonymous Zpt
# Github: https://github.com/Anonymous-Zpt
# Youtube: http://www.youtube.com/c/AnonymousZpt
Anonymous_Zpt=$(mktemp)
basenc --base2msbf -d  >${Anonymous_Zpt}<<DIXIE
0010001100100001001011110110001001101001011011100010111101100010011000010111
0011011010000000101000100011000010100010001100100000010000100111100100111010
0010000001000001011011100110111101101110011110010110110101101111011101010111
0011001000000101101001110000011101000000101000100011001000000100111101100110
0111010101110011011000110110000101100100011011110111001000100000010001000110
0101001000000100000101101110011011110110111001111001011011010110111101110101
0111001100100000010110100111000001110100000010100010001100100000010001110110
1001011101000110100001110101011000100011101000100000011010000111010001110100
0111000001110011001110100010111100101111011001110110100101110100011010000111
0101011000100010111001100011011011110110110100101111010000010110111001101111
0110111001111001011011010110111101110101011100110010110101011010011100000111
0100000010100010001100100000010110010110111101110101011101000111010101100010
0110010100111010001000000110100001110100011101000111000000111010001011110010
1111011101110111011101110111001011100111100101101111011101010111010001110101
0110001001100101001011100110001101101111011011010010111101100011001011110100
0001011011100110111101101110011110010110110101101111011101010111001101011010
0111000001110100000010100111001101101111011101010111001001100011011001010010
0000001111000010100001100111011110100110100101110000001000000010110101100011
0010000000101101011001000010000000100000001111000010100001110100011000010110
1001011011000010000000101101011011100010101100100010001001000010100000101000
0100110001001001010011100100010101001110010011110010000000101011001000000011
0010001010010010100100100010001000000010001000100100010000100100000101010011
0100100001011111010100110100111101010101010100100100001101000101001000100010
1001001010010011101100001010011100110111010001100001011101000111010101110011
0011110100100010001001000011111100100010001110110010000001110010011001010111
0100011101010111001001101110001000000010001000100100011100110111010001100001
0111010001110101011100110010001000100000001100100011111000100000001011110110
0100011001010111011000101111011011100111010101101100011011000010000001111100
0111110000100000011001010111100001101001011101000010000000100010001001000111
0011011101000110000101110100011101010111001100100010000010100001111110001011
0000100000000000000000000000000000000000000000000000000000000011111001010101
1100010011010110111100011100010001010001000010111101110101111010111101011000
1001010000011100111000001110000010111000100010110110001100010100100100000100
0000010000010010100000100111101011101100000000000101110001011000111001000011
0001000010110010000111011111100101000011010100011000010011111000111011111101
1000001110110101110111110101010111100101010101110111110011111100111011001100
1111101000010000100010010100100011001110011110100111101010111010101010110101
1110101111011111011110101010011101111011110000110011111101101011001110101111
0100111011001111111111101011101000111010001111010111101101111011111110110100
0001100111101110110101111110111111001111110001110010111101111100001111010101
1111010111010101111001111100101111101011111110111101101111011101111011110001
1111111011110001111011000110011111100111100101111111011111110111101111111110
1111011011011101111101011100110111101110111101010100010101110011111100101110
0111101111111110111000111110110111001001111110111101110111000111110110111000
1011101111111011011110001111101111110010111101001111010011001111111111011111
0001100010111111001111101011110010110101001110011111011110100011001001001101
1111110111101101111110101111111011101110111111101110110001100010100110101111
1011001100001111010111010011101001110100111100101111001111100100111101100011
1111101111111001111001110101100011110001101110001100000000001111111111100111
1000001110001111101011101110111110011101011110010111011111111101111101011101
0101110001111110111111000100011000011110100100000101111001011100100111011110
1111010011100100111000011110101111111111100111110110111100101111011011101100
1111110111101110111001001101110101101110111101111111110111110011011111111100
0010100010100111111101011111101111010111101011111101111001101101011100110111
0011111101001001001010010101101000011110101111100111010001111010001011011111
1011010101110111110111111000101101110001111111011010000111111010101000001101
0011111010001110100101111101111001111001000110111001010001101001101101100100
1110101000011010011011010001000100001100000000010111110110010001001000100100
1111011010000001001110101010010010000010100010011111101101111111100101001011
1001011010001101000110110000010000000001110101101001010001010101011001011111
0111110110011110111110000000100100101110101001011111111011100111000100110101
0101000000110010111001111111001011010111000110111110101000000100010000101010
1010010111010110000110100100101010100010110000000101001110011100001010010011
1101101110000010110000001111110010000110110010011101001011011110100010010001
1100111000001000100110011100001110000010111011110001111100100111010010001111
0001110000001110101000010000110000100001011101001000110101110001000011001101
1101100010101001010001111010011001100110010001001010010000001110001001111001
0100001111100100011011001110011010101110011001000000000010000000000001001110
1100110001001111101101100001000011100010000001001001000111000100011001100100
0010000001101111001111101101110100101101001001011101010111010101110111001001
0101100101010000101110011110000101010000011111001111101010010011111110100110
1100011000110110100101001100100011010011000010011111110110010011011101000100
1011101011100111011100010100011001011001111010001001101001000011011111000000
0010010011100101100001101001101011100011001011100011000011100110101000010111
1011011111000101000101001000110010111000011100100000001001111000100000010101
0010000011100011010010111111100101110001011000000010000010100100000101101111
0000001000000110101100110101000010001111000100101111110111000001011111110111
0001001111110101001110100010011001110100001111001111011000100011111101110011
1111001001000011001001111011000110001010110011100100110101101000000011111001
1010001011110110100011010011110000100000101110010100010011000011010100011101
1000011111110011110011100010100001100101110111110111001110000110111110101111
1100101111001111011101100000010101000010101101101101000000100101011010100011
0001011100100110011100001011011011110010000000101110011100000100000111000010
0101100100011010110000011110010100100101111111010000010011000100010010110110
0111010111011011101111001010000100011011011100011101100001100111100011010011
1010011010111100010110010001001110010111010111010110100010100010001101110011
1110101011111000011101111101010010100011000101100000000011010011110000010110
1001111010000000000000000000010011110010010101111011100001001010100001011110
1010011011001000001110100110000010111000011011111011100100111101110100000010
1001101011000010101010001001010100111010100001001100011011110100011111001111
1000110000010110111010101011110110000011011101111101010011110110011101101101
1010110100101000101101011001011011010011100100100100111101110001101010110101
1110010110011000010111100100010001010111010011011001001110000101101000010010
1011001110100100000000001001010100010101001000110001110011000000101110101111
0100001000011100000001011111100111010001100101100101011001110101010100001011
0011000010110010000001110110000000001000100001001101111100100001011100001010
0110110001011100101101011001101110000011101011001101110100011101010000000100
0010010100100101111100001011010111010000010110101101110110000001110101000110
0111011010100001001100100000101100000101110110100110011000010111111010011111
1001011001011010101101011101000001000111010000001110101110001000001011111100
0001110010011000001110000000100010111101001110011111011010001101000110010110
1011011000001001011111100110110010110010111111110110010110100101010101010111
0010000111011100100111110011001000000001011001100111110011100101100111011111
1101110001000011111000011011111110001000101111010100011101000011000100001110
1111100110101101010100001000100100010110000101101100100000001010011111100000
1110001110000011100000110001110011010101001100111111010011111011110100101010
1110110001110100100000001011011001010010000000101001011101011100011100101110
1000011000010001001111000001011101110000110100101011010011010111110100010001
0111100000001110101011011010010001001101000000100101111100100111100001011110
0110011101100101010000101101011000010110000100101010101101011100001001110011
0000101000000100100100000001101110111001111100110100001001101010010010100111
0010100010001111011111010111101001001010011001100001000000001100100100100101
0010001010000011001110001010000110001100010001101110010111000001100101011010
0011111110100010111001100010111011100111001000010000110111011101110101100101
1111101010111110011111010111011101011010111011010010111100100100100100001111
1001110011001100010101001100000000110111111000011100100011000011011011100011
1010001010000101000100001101100100101100010011110101111100110101110101110010
0110001000000001100010100101011100011011101001110000101100011001011001110011
0101011100001111110001101110000111010100000110011100111000010110001000010011
0010001000101011101011100011001100100011101010110001011001010101110010011110
0010101010010000010110100000011100101100010110001110000000011110100110011011
0011000011011011111100000111101011000011010001101100011010110001101111000001
0011010001110101000011001101111010000010001000110111000101101100010000100001
0010010010010100100011101110110100101010101010100111100010000111010100110000
1001000101111101101011100011000111001000100101001111110000110110010010001101
0100001000001100001110001001011000110100101010010101010111100100100111011101
0101111000101100010011010010011100110100111000110000011100111000010110111110
0111001110110101100110111011000000001000100100000011000001010001001110110010
0010000100100111101100111011110111011001001101111011000010110000100000111000
1111001101011111000010100000001101111011011100011001010110000110011000110110
1011111011011110111111101101011001010011110110111100010111001011110010000000
0110100000010100000011111010010111001000001001100110110101110101100011100010
1010011100010001001001010011001011100110110001000001010101101011100111001101
1110011010111010100111001001000110101011001100100100101011110000101111001000
0011111001011011110111011000101110111001011001001010100111110100011011011110
0010001010000000001110010000000001101100000100000110111001111001101111011110
0100011101011110011010111101010011111010110100111010111001110001101100001000
0100100101011111101111011001100010001010101110111001011111010100111010010101
0011100111100111111111010110110011001110111110010000001100111011110001001111
0001111111000101011010010111000101110101010010001110100101111000110101001011
1111111110000100001000011100110100001001110000000110110111010111011001110111
1101001111111001100100000010000010111100010110101000001000101100110011101111
0110011100000011001111111000110111101100001001000101101111111100001101001011
0010110100111100110010101110101100011011110000100111100011011010101000100101
1110111110011011001000111101101100011000111111101010111011001111000101101111
1011100010010100010101001010001111100110101100110011100011000011001011001111
0010011101111110010101001101001111100100110110010101100000011010001001110001
0000110111110010010101010110111110000110100110100100101010101111100011100010
0001010101111110000110101101100111001001011111011011011011000110010011111010
0011000010101000010001100011100011000100101100011001001101010111011111101100
0110000101101001010011110111010000010111110011001111100100101111111110111110
1100010100001110011001100101101010100001111001110101011111011001011011100111
0000101111110111110101101010100011100111011110101110001100111101001100011101
0010101001111010000111001011111111000011010010110010010100111111110000101100
0110100010100001100111110100011001110110110010101110111101001110100101011000
1000010000110001110110100001100111101100010110110011011010111011100001011011
0100110100110000010101001000000100010000110001110110011000101000010001110110
1010011001000101010001011001111010101010011111101110000010001010100011100100
1000111101010010001001110111011011001001111011100111000100101101001100110110
0100101110111011101111011011000100100010101111010010101001000010111111011101
1010110111100110101110010111000010010100100101011100000001011100000100001100
0100101001010110101001110010010010110010110001001011001001001000001101001100
1110000011001100000010101000111011100010101010000111001110101000010101000010
0110011110010011110101111011001100010111001111100110111100111110001000111000
1110011010001011100100110111100010001000111001001110010001010001011001001111
0111100110101110001001111101011101000100111101011010100100000011110011111000
1100100100110010010100100110010011110110101001111000000011011111011101010000
0110111011011111100101010011000110101000001111111010110011101000001000101101
1000011010001001100110010001001101000111111001101101010001011001001010111000
1110110011001010100110110011010101100001110000011001101010010110001100000110
0010011010001110010000100110100111001110100101001110000100101100110101100000
0001001000000011100110010110111011000001000110100010011110101000110110000001
1110101110000001100001001000010111011100001100100110011000001111101101000001
1010101010110100101011100010100000000101011000100000001000111001100101011101
0010010100101100110101001011001001000000111011010010011101111010110001100100
0101000011011101100111110110010111101100110001101010110010111110011001011110
1101010011000000101001010011101001100111100010100000111001010000010000101001
0100010101000000110011110011111000100110101100011101101101111111011100000000
0110011001010111111111011101010101001111010001010000010000100011000000001111
0100101010010011101111011001000000000110011010100111110000001100011000010101
1110011011100111110011011000000111101110101000110000011100011111001101011011
1011000000110011000000100100111101011100100100101110101100100110010101110111
0001100011011001001001010101110100111001011101101110010001011111011000010001
0111101110111000101100011000111111001011001011010001001011101101101000111110
1110001101000010011101100110110011101100100000101101011011101011110110100100
0110110100100100001001110000001101011011011001001011111111111010101101110100
1110111110001000101011010100001000011000011011000010010100010100001000001111
1001110010101010010101111010011000101001111110001101111111001001010101010100
0101111001111000010011111001100000000101010101100111011010000110011110101000
0010110000101101011100011010010100001001100011101100111000001100011111100100
1000011010100110010101000100111110000000011101110111010000111000000100100000
0001010000001011101001111010001111101010001111000010101100100111101110101011
1110000111001001001110000011111100010001001110111100000101101010101010110000
1001000010000111111011000101000111100101111011000101000001110100001011000000
0110110110101111101100100110100010100010001001110000110010011100001101101111
0011010110100110010010101110110011110111110001001001011000110110010010000111
0001011001100100001001000111011010011100000100001100101111100001100010011011
1100011001010010000001110011010010110100000101000000000101100010000110001111
0001011010000100111110010000100110001000101101000010010111011010100001000111
1001101100100011101111011100110101011010011100001001000110010101000110011010
0001100001001010111011000000010011100110111110010111001001110000110000011000
0000111011000110011001011100001100110011001011110100001110101001010100111110
1010111100110110100101110010101001101011000101111000110011100111001110110011
0010111010100011110101010011000010010111101100001110111011010010001011101000
1100111111011110011001100111000011000100101111011011101000110110011100010111
1101010000110011000111000000000111101001010111100111111100000100011011101000
0101101100110100111101100011100110001100110110111001010101100011100010111100
1100101101100100101100011011101000110000010010010110101100001011100001000100
0001010101011001000110110010000000101110001101000111001011001101010100001111
0000011011011010111000100000001111111000000100011001001110010000000010001010
1010000011011101000110001011000100110100100110010110100101111101111100100000
0001100100010000111111100011000000100010000101011111011011010000011100001110
0100001011001011011010000010011101000000001010011000111010110011000000101001
1001110010100011010000100011010100010101011101101001010110001000110100110001
0100010101101100011101101001100010110001010000001100111110111000110101001001
0101000010100111000010011010110001100101000100111110000011001100000110011100
1000111110011111001111011101000001000000011100100101001110010010010011010111
0010110011101000101110010110011101001010110111010001101101011000000100111011
0011010000100000101000011100000011100110000101001011111110001011100110000100
1010001000111101100110010111001000111001011000010001111001000011000101100010
0110111001110010111000101011010011110000110011110100111011011100010100101100
1000010110000000100001011110001110011000010000110000001111000100110110111000
0001110111100001100101001111100011100000011111010010011111001111001111000110
1000001000010100111000010000011110100101001100111101010101010010110001001001
1001110111100100101010000010011001011010101011001111101011101100000110001100
0111011001111100001110000111100111110101000011110010000001000111011101011001
0010001101000010010000000110010000001000011100010100001111100110000110001110
0111000110110111011110010010010010010000110000101010001101011110001010111000
1100000110101001000110011000000001010000101111001000110000111010100100001100
1001010111111000001110110100111111010110110110001111000001010111111011101010
1101101111101001100110001100111100011100011111010011101100000000001001011101
0010000011010000000000010101010101110010000001011011011111000100011110001100
1011100001010011000110100100101110001001000101100111110110110110000011011100
1011100001101100010000001101110101111110110110111011000100110001101111010010
1111110010001000011000110010010011110110011101011110111000110111110001010111
1110010001100111000010010110101010101011011101110000110101111111000010001001
0110101000001000101110010000011100001011110000000101000011111111011111101110
1001101111110101001111010001100101100000001000001011001001001110001100010010
1111100101101000000011111001010010011001001110001000000011110110000101101100
1011110001011000100111100111100010111110011110000010010100011111111000011111
1001111110111000101110001100111110111100000101000001100010110101110001110000
1101000001100011010001110100100010100010001101100011101000010011010001110000
0000001010001110100111000010101110101011100000110001010011110011100000001101
1010011111100001101010101010110101100101110000000101101000000001011110001010
1100001111001000000110100111010111010110100010101110001110110111001111010111
1010111010101010110000010101101001111011110111110011010010101010010001001110
0011001010000100000011100000100010100101100100011100000100110101011101000000
0000100000001010011110010010001111010100001001010100101011110011000101110000
1101000111001110010101010001000010110101100100101101101111000011110100110000
0111010101010100100100011100111100111001100101010010001010010010010010110011
1010101111010100011110111111101100011011101010000001110110011110110110110101
1110110110111000101101011001111011011111100001011011010001010010101101111011
0011000110101011010011010100111100101100111101011110010110011110010100111011
1011110110001101001001011010101110000111001110100110111010000000000000100101
0100010001001001110001010011000000101111101111100001011011111011001101001011
0100000001000101001010101000001011011010110111101010100010000110000000000100
0000000000011101000000000110001010010011111111001000010100000010000110110101
0111111111011100110101000001110101101110110000001110110000001001000011010100
1010111101111000000011101111110111111110111001100010101010111011011111001110
0001111011111001101110101001111001111001010011000011001101110111011001000001
1110101100110101101101101001000100111001110111111100110011011000101001011111
1011110001011111011101010000101101100010001001110100110000010111000100010101
1101010011110101100101010100101111110101110001000011111000011011111110011000
1011010101001011011010000111001001101011101111111011110100110101101010111111
1000100100011001111011100010100111111100110101101110111001100111010001111111
1000001011010011110110101111000100011011100001101010110010000011011001000100
0100011000110011011110000010100011010101000110100100010010101101110010110100
1101110111001100010000101101100001010001001110111011010011010011010001110000
1110011000010010011010000001001110100000010001000000010010001101000111011110
0000110000110100001010011111001000000010011110000011100100100101101011100001
1101100011101100010000011001111000000000011010111101001000111001011000010011
0110001000001100111011100010101100011000100101010001010100100110000001011100
0011100100100110101110011101000110100011011111001000001001011010101101100101
0011101100100111000011001101011010011101110100000010001000110110101101000000
1000111000100111110010100101110101000101110010000110010100110101110001001100
1000100101101101101000000101111101100110100010011101110011110110100111000111
1001100100001111001001011001011010111001110011000011001011111101001111011000
1111110110111110101111111011100110111111001110001011010111011111111001110011
0001111101110010011100111011100100111011101110010111100111011111100011101111
1111000001111001101111010110000100000111010011100001010001000000000000000000
DIXIE
source ${Anonymous_Zpt}
rm -rf ${Anonymous_Zpt}
